1001101000000100000000
1001101000000011101000
1011111000100000000000
1000111000000000000001
0100000000000000101000
1000001001000100001001
1000001000100010000100
1011111000100000000000
1000111000000000000001
0100000000000000010100
1000001001000100001001
1000001000100010000100
1011111000100000000000
1000111000000000000001
0100000000000000000000
1101111111111110111100
1001101000000001110100
1001101000000010000000
1011101000000010000000
1001101000001010000000
1001101000000000000000
1001101000000011100100
1000001000100011100100
1000001000100011100100
1000001000100011100100
1001101000000111111000
1001101000001001010011
1001001010001000110010
1000001010001000000011
1001001010001000101000
1101111111111111111100
1000110000000000001000
0100000000000000010100
1011101010001010000000
1000001010001000000001
1000001000000000000001
1001101000001100000000
1001101000001110000010
1101111111111111011100
1001101000000011100100
1000001000100011100100
1000001000100011100100
1000001000100011100100
1001101000001010000000
1000110011100000001000
0100000000000000010000
1000110011000000001000
0100000000000000110000
1000111011000000000000
0100000000000000111100
1100000000000001001000
1001101000000000000000
1000110000000000001000
0100000000000000001100
1011101010001010000000
1000001010001000000001
1000001000000000000001
1101111111111111100100
1001101000000001110100
1001101000000010000001
1011101000000010000000
1011101010001010000000
1000001010001000000001
1000001011101110000001
1000001001100110000010
1001101000001100000000
1011101010001010000000
1000001010001000000001
1000001011001100000001
1101111111111110010100
1001101000000010000000
1001101000001010000000
1011111001000000000000
1011111001110010000000
1001000000010101001000
1000000000100011010000
1000001010101010000001
1011111001000000000001
1011110001110010101000
1001000000010101001000
1000000000100011010000
1000001010101010000001
1011111001000000000010
1011110001110010101000
1001000000010101001000
1000000000100011010000
1000001010101011100100
1000001010101011100100
1000001010101011100100
1000001010101011100010
1011111001000000000011
1011110001110010101000
1001000000010101001000
1000000000100011010000
1000001010101010000001
1011111001000000000100
1011110001110010101000
1001000000010101001000
1000000000100011010000
1000001010101010000001
1011111001000000000101
1011110001110010101000
1001000000010101001000
1000000000100011010000
1000001010101011100100
1000001010101011100100
1000001010101011100100
1000001010101011100010
1011111001000000000110
1011110001110010101000
1001000000010101001000
1000000000100011010000
1000001010101010000001
1011111001000000000111
1011110001110010101000
1001000000010101001000
1000000000100011010000
1000001010101010000001
1011111001000000001000
1011110001110010101000
1001000000010101001000
1000000000100011010000
1011101010010100000000
1000001001100110000001
1000001010001000000001
1000001011001100000001
1101111111111010011100