111001101000000100000000
111001101000000100000000
111001101000000011101000
111011111000100000000000
111000111000000000000001
000100000000000000101000
111000001001000100001001
111000001000100010000100
111011111000100000000000
111000111000000000000001
000100000000000000010100
111000001001000100001001
111000001000100010000100
111011111000100000000000
111000111000000000000001
000100000000000000000000
111101111111111110111000
111001101000000001110100
111001101000000010000000
111011101000000010000000
111001101000001011111111
111001101000000000000000
111001101000000011100100
111000001000100011100100
111000001000100011100100
111000001000100011100100
111001101000000111111000
111001101000001001010000
111001001010001000110010
111000001010001000000011
111001001010001000101000
111101111111111111111100
111000110000000000001000
000100000000000000010100
111011101010001010000000
111000001010001000000001
111000001000000000000001
111001101000001100000000
111001101000001110000010
111101111111111111011100
111001101000000011100100
111000001000100011100100
111000001000100011100100
111000001000100011100100
111001101000001011111111
111000110011100000001000
000100000000000000010000
111000110011000000001000
000100000000000000110100
111000111011000000000000
000100000000000001000100
111100000000000001010000
111001101000000000000000
111000110000000000001000
000100000000000000001100
111011101010001010000000
111000001010001000000001
111000001000000000000001
111101111111111111100100
111001101000000001110100
111001101000000010000001
111011101000000010000000
111101111111111100000000
111011101010001010000000
111000001010001000000001
111000001011101110000001
111000001001100110000010
111001101000001100000000
111101111111111110011100
111011101010001010000000
111000001010001000000001
111000001011001100000010
111101111111111110001100
111001101000000010000000
111001101000001010000000
111011111001000000000000
111011111001110010000000
111001000000010101001000
111000000000100011010000
111000001010101010000001
111011111001000000000001
111011110001110010101000
111001000000010101001000
111000000000100011010000
111000001010101010000001
111011111001000000000010
111011110001110010101000
111001000000010101001000
111000000000100011010000
111000001010101011100100
111000001010101011100100
111000001010101011100100
111000001010101011100010
111011111001000000000011
111011110001110010101000
111001000000010101001000
111000000000100011010000
111000001010101010000001
111011111001000000000100
111011110001110010101000
111001000000010101001000
111000000000100011010000
111000001010101010000001
111011111001000000000101
111011110001110010101000
111001000000010101001000
111000000000100011010000
111000001010101011100100
111000001010101011100100
111000001010101011100100
111000001010101011100010
111011111001000000000110
111011110001110010101000
111001000000010101001000
111000000000100011010000
111000001010101010000001
111011111001000000000111
111011110001110010101000
111001000000010101001000
111000000000100011010000
111000001010101010000001
111011111001000000001000
111011110001110010101000
111001000000010101001000
111000000000100011010000
111001101000010000000000
111000110000100001000000
001001101000000010000000
111000001100010001100100
111000001100010001100100
111000001100010000110111
111000110000100001000000
010001101000000011100100
010000001000100011100100
010000001000100010110111
111011101010000010000000
111000001001100110000001
111000001010001000000001
111000001011001100000001
111101111111111001101100