0000000000000000000000
1111111111111111111111
0000000000000000000000
1111111111111111111111
0000000000000000000101
1111111111111111111111
0000000000000000000000
1111111111111111111111
0000000000000000000000
1111111111111111111111
1111111111111111111111
1111111111111111111111
1111111111111111111111
0000000000000000001001
1111111111111111111111
1111111111111111111111
1111111111111111111111
1111111111111111111111
0000000000000000000000
0000000000000000000000
0000000000000000000000
0000000000000000000000
0000000000000000000000
0000000000000000000000
0000000000000000000000
0000000000000000000000
0000000000000000000000